name, house_SA 16;
1, 36 42;
2, 42;
3, 42 46 45;
4, 42;
5, 36 38 42;
6, 42 46;
7, 42;
8, 42;
9, 36 42;
10, 42;
11, 42 46 45;
12, 42;
13, 36 38 42;
14, 42 46;
15, 42;
16, 42;
name, dirtyhouse_SA 16;
17, 36;
18, 0;
19, 46 39 45;
20, 0;
21, 36 38 39;
22, 0;
23, 0;
24, 0;
25, 36 39;
26, 0;
27, 42 46 39 45;
28, 0;
29, 36 38 39;
30, 0;
31, 46;
32, 42;
name, chicagohouse_SA 16;
33, 36 46;
34, 38 46;
35, 46 45;
36, 46;
37, 36 38 46 39;
38, 46;
39, 46;
40, 38 46;
41, 36 46;
42, 46;
43, 38 42 46 45;
44, 46;
45, 36 38 46 39;
46, 38 46;
47, 36 46;
48, 42 46 39;
name, deephouse_SA 16;
49, 36;
50, 75;
51, 45;
52, 69;
53, 36;
54, 0;
55, 0;
56, 45;
57, 36;
58, 75;
59, 45;
60, 69;
61, 36;
62, 0;
63, 0;
64, 0;
name, slowdeephouse_SA 16;
65, 42 69;
66, 69;
67, 46 69;
68, 46 69;
69, 42 39 69;
70, 69;
71, 46 69;
72, 46 69;
73, 42 69;
74, 46 69;
75, 46 69;
76, 69;
77, 42 39 69;
78, 69;
79, 46 69;
80, 69;
name, brithouse_SA 16;
81, 36 42;
82, 42;
83, 46 51;
84, 42;
85, 36 42 39;
86, 42;
87, 46 51;
88, 42;
89, 36 42;
90, 42;
91, 46 51;
92, 42;
93, 36 42 39;
94, 42;
95, 46 51;
96, 42;
name, frenchhouse_SA 16;
97, 36 42 69;
98, 42 46 69;
99, 42 69;
100, 42 46;
101, 36 38 42 39 69;
102, 42 46;
103, 42 69;
104, 42 46 69;
105, 36 42 69;
106, 42 46 69;
107, 42 69;
108, 42 46;
109, 36 38 42 39 69;
110, 42 46;
111, 42 69;
112, 42 46 69;
name, simplejackinhouse_SA 16;
113, 36 69;
114, 46 69;
115, 42;
116, 69;
117, 36 39;
118, 0;
119, 36 42 69;
120, 0;
121, 36 69;
122, 46 69;
123, 42;
124, 46 69;
125, 36 39;
126, 0;
127, 42;
128, 0;
name, polishedhouse_AM 16;
129, 36 42;
130, 42;
131, 46 69;
132, 42;
133, 36 42 39;
134, 42 69;
135, 36 46 69;
136, 42 69;
137, 36 42;
138, 42;
139, 46 69;
140, 42;
141, 36 42 39;
142, 42 69;
143, 46 69;
144, 42 69;
name, deeptechhouse_AM 32;
145, 36 69;
146, 69;
147, 46 69;
148, 42 69;
149, 36 38 39 69;
150, 42 69;
151, 36 46 69;
152, 38 69;
153, 36 69;
154, 69;
155, 46 69;
156, 42 69;
157, 36 38 39 69;
158, 42 69;
159, 46 69;
160, 69;
161, 36 69;
162, 69;
163, 46 69;
164, 42 69;
165, 36 38 39 69;
166, 42 69;
167, 36 46 69;
168, 38 69;
169, 36 69;
170, 69;
171, 38 46 69;
172, 42 69;
173, 36 38 39 69;
174, 42 69;
175, 46 69;
176, 69;
name, bigroomhouse_AM 16;
177, 36;
178, 46;
179, 42 46;
180, 0;
181, 36 39;
182, 0;
183, 42 46;
184, 38 42;
185, 36;
186, 38 42;
187, 42 46;
188, 0;
189, 36 39;
190, 0;
191, 42 46;
192, 0;
name, slowhouse_AM 32;
193, 36 54;
194, 54;
195, 46 54;
196, 37;
197, 36 39 54;
198, 0;
199, 46 54;
200, 54;
201, 36 54;
202, 37 54;
203, 46 54;
204, 0;
205, 36 39 75 54;
206, 0;
207, 46 54;
208, 36 54;
209, 36 54;
210, 54;
211, 46 54;
212, 37;
213, 36 39 54;
214, 0;
215, 46 54;
216, 54;
217, 36 54;
218, 37 54;
219, 46 54;
220, 0;
221, 36 39 75 54;
222, 0;
223, 36 46 54;
224, 54;
name, bighouse_AM 16;
225, 36 45;
226, 42;
227, 42 46;
228, 45;
229, 36 39;
230, 0;
231, 42 46 45;
232, 0;
233, 36 45;
234, 45;
235, 42 46;
236, 42;
237, 36 39;
238, 0;
239, 42 46 45;
240, 38 42;
name, organichouse_AM 32;
241, 36 69;
242, 46 69;
243, 46 69;
244, 69;
245, 36 39 69;
246, 69;
247, 46 69;
248, 69;
249, 36 69;
250, 46 69;
251, 46 69;
252, 69;
253, 36 39 69;
254, 69;
255, 46 69;
256, 69;
257, 36 69;
258, 46 69;
259, 46 69;
260, 69;
261, 36 39 69;
262, 69;
263, 46 69;
264, 69;
265, 36 69;
266, 46 39 69;
267, 46 69;
268, 69;
269, 36 39 69;
270, 69;
271, 46 69;
272, 69;
name, minimalhouse_AM 16;
273, 36;
274, 0;
275, 46;
276, 0;
277, 36 38 39;
278, 37;
279, 46;
280, 0;
281, 36;
282, 0;
283, 46;
284, 0;
285, 36 38 39;
286, 0;
287, 46 37;
288, 37;
name, house_DMPS 32;
289, 36 42;
290, 42;
291, 46;
292, 0;
293, 36 38 42;
294, 42;
295, 46;
296, 0;
297, 36 42;
298, 42;
299, 46;
300, 0;
301, 36 38 42;
302, 42;
303, 46;
304, 0;
305, 36 42;
306, 42;
307, 46;
308, 0;
309, 36 38 42 39;
310, 42 39;
311, 46;
312, 39;
313, 36 42;
314, 42;
315, 46 39;
316, 39;
317, 36 38 42;
318, 42;
319, 46;
320, 0;
name, house_CCM 32;
321, 36 42;
322, 0;
323, 46;
324, 0;
325, 36 42 39;
326, 0;
327, 46;
328, 42;
329, 36 42;
330, 0;
331, 46;
332, 0;
333, 36 42 39;
334, 42;
335, 46;
336, 42;
337, 36 42;
338, 0;
339, 46;
340, 0;
341, 36 42 39;
342, 0;
343, 46;
344, 42;
345, 36 42;
346, 0;
347, 46;
348, 39;
349, 36 42;
350, 42;
351, 46 39;
352, 42;
name, classichouse_CCM 16;
353, 36 42;
354, 42;
355, 42 46;
356, 0;
357, 36 39;
358, 42;
359, 42 46;
360, 42 45;
361, 36 42;
362, 42;
363, 42 46 45;
364, 0;
365, 36 39;
366, 42;
367, 42 46 45;
368, 42;
name, deephouse_CCM 32;
369, 36;
370, 0;
371, 46;
372, 38;
373, 36 42;
374, 0;
375, 42 46 64;
376, 42;
377, 36;
378, 0;
379, 46;
380, 38;
381, 36 42;
382, 0;
383, 42 46 64;
384, 42;
385, 36;
386, 0;
387, 46;
388, 38;
389, 36 42;
390, 0;
391, 42 46 64;
392, 42;
393, 36;
394, 0;
395, 46;
396, 38;
397, 36 42;
398, 0;
399, 42 46 64;
400, 38 42;
name, housewithchords_CCM 16;
401, 36 42;
402, 0;
403, 46;
404, 0;
405, 36 42 39;
406, 0;
407, 46 61;
408, 0;
409, 36 42;
410, 42;
411, 46;
412, 0;
413, 36 42 39 75;
414, 42;
415, 46 75 61;
416, 42;
name, house_DMM 16;
417, 36 42;
418, 42;
419, 46;
420, 42;
421, 36 38 42 39;
422, 42;
423, 46;
424, 42;
425, 36 42;
426, 42;
427, 46;
428, 42;
429, 36 38 42 39;
430, 42;
431, 46;
432, 42;
name, technoindustrial_AM 32;
433, 36 37 45;
434, 0;
435, 45 46;
436, 0;
437, 36 37 38;
438, 45;
439, 42 46;
440, 37 45;
441, 36 37 45;
442, 0;
443, 45 46;
444, 0;
445, 36 37 38;
446, 45;
447, 42 46;
448, 37 45;
449, 36 37 45;
450, 0;
451, 45 46;
452, 0;
453, 36 37 38;
454, 45;
455, 42 46;
456, 37 45;
457, 36 37 45;
458, 0;
459, 45 46;
460, 0;
461, 36 37 38;
462, 45;
463, 42 46;
464, 37 45;
name, technothumping_AM 32;
465, 36 37 42 51;
466, 42;
467, 37 39 42 46;
468, 42;
469, 36 42 51;
470, 42;
471, 39 42 46;
472, 42;
473, 36 42 51;
474, 42;
475, 42 46;
476, 39 42;
477, 36 42 51;
478, 39 42;
479, 42 45 46;
480, 39 42;
481, 36 37 42 51;
482, 42;
483, 37 39 42 46;
484, 42;
485, 36 42 51;
486, 42;
487, 39 42 46;
488, 42;
489, 36 42 51;
490, 42;
491, 42 46;
492, 39 42;
493, 36 42 51;
494, 39 42;
495, 42 45 46;
496, 39 42;
name, technogrindinganalogue_AM 32;
497, 36 37 46 70;
498, 37;
499, 42 45;
500, 0;
501, 36 37 39 46 70;
502, 37;
503, 42;
504, 0;
505, 36 37 46 70;
506, 37;
507, 42;
508, 0;
509, 36 37 46 70;
510, 37;
511, 42;
512, 0;
513, 36 37 46 70;
514, 37;
515, 42 45;
516, 36;
517, 36 37 39 46 70;
518, 37;
519, 42;
520, 0;
521, 36 37 46 70;
522, 37;
523, 42;
524, 0;
525, 36 37 46 70;
526, 37;
527, 42;
528, 36;
name, technochugging_AM 32;
529, 36;
530, 46;
531, 46;
532, 0;
533, 36 38;
534, 46;
535, 44 46;
536, 46;
537, 36;
538, 0;
539, 46;
540, 44 46;
541, 36 38;
542, 46;
543, 44 46;
544, 46;
545, 36;
546, 46;
547, 46;
548, 0;
549, 36 38;
550, 44 46;
551, 46;
552, 46;
553, 36;
554, 36;
555, 44 46;
556, 46;
557, 36 38;
558, 44 46;
559, 46;
560, 46;
name, technodarkberlin_AM 32;
561, 36;
562, 0;
563, 46;
564, 0;
565, 36 39;
566, 0;
567, 45 46;
568, 0;
569, 36 37;
570, 0;
571, 46;
572, 0;
573, 36;
574, 0;
575, 45 46;
576, 0;
577, 36;
578, 0;
579, 46;
580, 0;
581, 36 39;
582, 0;
583, 45 46;
584, 0;
585, 36 37;
586, 0;
587, 46;
588, 37 39;
589, 36;
590, 0;
591, 45 46;
592, 46;
name, technoDMPS_AM 32;
593, 36 44;
594, 54;
595, 46 54;
596, 44;
597, 36 38 44;
598, 38 54;
599, 44 54;
600, 44;
601, 36 38 44;
602, 44 54;
603, 38 46 54;
604, 0;
605, 36 44;
606, 38 54;
607, 38 44 54;
608, 0;
609, 36 44;
610, 54;
611, 46 54;
612, 44;
613, 36 38 44;
614, 54;
615, 38 44 54;
616, 38;
617, 36 44;
618, 44 54;
619, 44 46 54;
620, 0;
621, 36 38 44;
622, 54;
623, 36 38 44 54;
624, 44;
name, technohardcore_CCM 32;
625, 36 38 44 45;
626, 0;
627, 44 45;
628, 38 45;
629, 36 39 44;
630, 0;
631, 38 44 45;
632, 0;
633, 36 38 44 45;
634, 0;
635, 44 45;
636, 38 45;
637, 36 39 44;
638, 0;
639, 38 44 45;
640, 0;
641, 36 38 44 45;
642, 0;
643, 44 45;
644, 38 45;
645, 36 39 44;
646, 0;
647, 38 44 45;
648, 0;
649, 36 38 44 45;
650, 0;
651, 44 45;
652, 38 45;
653, 36 39 44;
654, 0;
655, 38 44 45;
656, 0;
name, technominimal_CCM 32;
657, 36 46 51 70;
658, 42 70;
659, 42 70;
660, 42 51 64 70;
661, 36 46 70;
662, 42 51 70;
663, 42 61 70;
664, 42 51 70;
665, 36 46 70;
666, 42 70;
667, 42 51 70;
668, 42 64 70;
669, 36 46 70;
670, 42 70;
671, 42 51 61 70;
672, 42 70;
673, 36 46 51 70;
674, 42 70;
675, 42 70;
676, 42 51 64 70;
677, 36 46 70;
678, 42 51 70;
679, 42 61 70;
680, 42 51 70;
681, 36 46 70;
682, 42 70;
683, 42 51 70;
684, 42 64 70;
685, 36 46 70;
686, 42 70;
687, 42 51 61 70;
688, 42 70;
name, techno1_DMM 32;
689, 36 42;
690, 46;
691, 42;
692, 42;
693, 36 38 39 42;
694, 42;
695, 46;
696, 42;
697, 36 42;
698, 42;
699, 46;
700, 42;
701, 36 38 39 42;
702, 42;
703, 46;
704, 42;
705, 36 42;
706, 42;
707, 46;
708, 42;
709, 36 38 39 42;
710, 42;
711, 46;
712, 42;
713, 36 42;
714, 42;
715, 46;
716, 42;
717, 36 38 39 42;
718, 42;
719, 46;
720, 42;
name, breakbeat_SA 32;
721, 36 40 46;
722, 36 46;
723, 40 46;
724, 40 46;
725, 40 46;
726, 36 40 46;
727, 36 40 46;
728, 46;
729, 36 46;
730, 36 40 46;
731, 40 46;
732, 40 46;
733, 40 46;
734, 36 40 46;
735, 36 40 46;
736, 36 40 46;
737, 36 40 46;
738, 36 46;
739, 40 46;
740, 40 46;
741, 40 46;
742, 36 40 46;
743, 36 40 46;
744, 46;
745, 36 46;
746, 36 40 46;
747, 40 46;
748, 40 46;
749, 40 46;
750, 36 40 46;
751, 36 40 46;
752, 36 40 46;
name, breakfunkbreak_SA 32;
753, 36 42;
754, 42;
755, 42;
756, 36 42;
757, 40 42;
758, 42;
759, 36 46;
760, 0;
761, 36 42;
762, 40 42;
763, 46;
764, 0;
765, 36 40 42;
766, 42;
767, 42;
768, 42;
769, 36 42;
770, 42;
771, 42;
772, 36 42;
773, 40 42;
774, 42;
775, 36 46;
776, 0;
777, 36 42;
778, 40 42;
779, 46;
780, 0;
781, 36 40 42;
782, 42;
783, 42;
784, 42;
name, breakelectro(standard)_DMR 32;
785, 36 42;
786, 0;
787, 42;
788, 0;
789, 40 42;
790, 0;
791, 36 42;
792, 42;
793, 42;
794, 42;
795, 42;
796, 0;
797, 40 42;
798, 0;
799, 42;
800, 0;
801, 36 42;
802, 0;
803, 42;
804, 0;
805, 40 42;
806, 0;
807, 36 42;
808, 42;
809, 42;
810, 42;
811, 36 42;
812, 0;
813, 40 42;
814, 36;
815, 42;
816, 0;
name, breakbreaks(standard)_DMR 32;
817, 36 42;
818, 0;
819, 42;
820, 0;
821, 40 42;
822, 0;
823, 42;
824, 0;
825, 42;
826, 42;
827, 36 42;
828, 0;
829, 40 42;
830, 0;
831, 42;
832, 0;
833, 36 42;
834, 0;
835, 42;
836, 0;
837, 40 42;
838, 0;
839, 42;
840, 42;
841, 42;
842, 0;
843, 36 42;
844, 0;
845, 40;
846, 0;
847, 42;
848, 0;
name, breakhybrid_DMR 32;
849, 36;
850, 0;
851, 42;
852, 0;
853, 40;
854, 0;
855, 42;
856, 0;
857, 36;
858, 0;
859, 42;
860, 0;
861, 40;
862, 0;
863, 42;
864, 0;
865, 36;
866, 0;
867, 42;
868, 0;
869, 40;
870, 0;
871, 42;
872, 0;
873, 36;
874, 0;
875, 42;
876, 0;
877, 40;
878, 0;
879, 42;
880, 0;
name, breakirregular_DMR 32;
881, 36 42;
882, 0;
883, 42;
884, 40;
885, 42;
886, 0;
887, 42;
888, 36;
889, 42;
890, 0;
891, 36 42;
892, 0;
893, 40 42;
894, 0;
895, 42;
896, 0;
897, 36 42;
898, 0;
899, 36 42;
900, 0;
901, 40 42;
902, 0;
903, 36 42;
904, 0;
905, 42;
906, 0;
907, 36 42;
908, 0;
909, 40 42;
910, 0;
911, 42;
912, 0;
name, breakrolling_DMR 32;
913, 36 42;
914, 0;
915, 42;
916, 0;
917, 40 42;
918, 0;
919, 42;
920, 36;
921, 42;
922, 0;
923, 36 42;
924, 0;
925, 40 42;
926, 0;
927, 42;
928, 0;
929, 36 42;
930, 0;
931, 42;
932, 0;
933, 40 42;
934, 0;
935, 42;
936, 36;
937, 42;
938, 0;
939, 36 42;
940, 0;
941, 40 42;
942, 0;
943, 42;
944, 0;
name, breakcontemporarysnare_DMR 32;
945, 36 42;
946, 0;
947, 42;
948, 0;
949, 40 42;
950, 0;
951, 42;
952, 42;
953, 42;
954, 40;
955, 36 42;
956, 0;
957, 40 42;
958, 0;
959, 42;
960, 0;
961, 36 42;
962, 0;
963, 42;
964, 0;
965, 36 42;
966, 0;
967, 42;
968, 36;
969, 42;
970, 0;
971, 36 42;
972, 0;
973, 40 42;
974, 0;
975, 42;
976, 0;
name, breakcontemporarykick_DMR 32;
977, 36 42;
978, 0;
979, 42;
980, 0;
981, 40 42;
982, 0;
983, 42;
984, 0;
985, 42;
986, 0;
987, 36 42;
988, 0;
989, 42;
990, 0;
991, 40 42;
992, 0;
993, 42;
994, 0;
995, 36 42;
996, 0;
997, 40 42;
998, 0;
999, 42;
1000, 36;
1001, 42;
1002, 0;
1003, 36 42;
1004, 0;
1005, 40 42;
1006, 0;
1007, 42;
1008, 0;
name, breakunconventional_DMR 32;
1009, 36 42;
1010, 0;
1011, 42;
1012, 0;
1013, 36 42;
1014, 0;
1015, 42;
1016, 0;
1017, 40 42;
1018, 0;
1019, 36 42;
1020, 0;
1021, 42;
1022, 0;
1023, 40 42;
1024, 0;
1025, 36 42;
1026, 0;
1027, 42;
1028, 0;
1029, 40 42;
1030, 0;
1031, 36 42;
1032, 0;
1033, 42;
1034, 0;
1035, 36 42;
1036, 0;
1037, 40 42;
1038, 0;
1039, 42;
1040, 0;
name, breakpolyrhythmic_DMR 32;
1041, 36 42;
1042, 0;
1043, 40 42;
1044, 0;
1045, 40 42;
1046, 0;
1047, 36 42;
1048, 0;
1049, 40 42;
1050, 0;
1051, 36 42;
1052, 40;
1053, 40 42;
1054, 0;
1055, 40 42;
1056, 40;
1057, 42;
1058, 0;
1059, 36 42;
1060, 0;
1061, 40 42;
1062, 0;
1063, 40 42;
1064, 0;
1065, 36 42;
1066, 0;
1067, 40 42;
1068, 0;
1069, 40 42;
1070, 0;
1071, 42;
1072, 0;
name, breakfunkydrummer_EH 32;
1073, 36 42;
1074, 42;
1075, 36 42;
1076, 42;
1077, 40 42;
1078, 42;
1079, 36 42;
1080, 40 46;
1081, 42;
1082, 40 42;
1083, 36 42;
1084, 40 42;
1085, 40 42;
1086, 36 46;
1087, 42;
1088, 40 42;
1089, 36 42;
1090, 42;
1091, 36 42;
1092, 42;
1093, 40 42;
1094, 42;
1095, 36 42;
1096, 40 46;
1097, 42;
1098, 40 42;
1099, 36 42;
1100, 40 42;
1101, 40 42;
1102, 36 46;
1103, 42;
1104, 40 42;
name, breakimpeach_EH 32;
1105, 36 42;
1106, 0;
1107, 42;
1108, 0;
1109, 40 42;
1110, 0;
1111, 42;
1112, 36 42;
1113, 36 42;
1114, 0;
1115, 46;
1116, 0;
1117, 40 42;
1118, 0;
1119, 36 42;
1120, 0;
1121, 36 42;
1122, 0;
1123, 42;
1124, 0;
1125, 40 42;
1126, 0;
1127, 42;
1128, 36 42;
1129, 36 42;
1130, 0;
1131, 46;
1132, 0;
1133, 40 42;
1134, 0;
1135, 36 42;
1136, 0;
name, breakwhenthelevee_EH 32;
1137, 36 42;
1138, 36;
1139, 42;
1140, 0;
1141, 40 42;
1142, 0;
1143, 42;
1144, 36;
1145, 42;
1146, 0;
1147, 36 42;
1148, 36;
1149, 40 42;
1150, 0;
1151, 42;
1152, 0;
1153, 36 42;
1154, 36;
1155, 42;
1156, 0;
1157, 40 42;
1158, 0;
1159, 42;
1160, 36;
1161, 42;
1162, 0;
1163, 36 42;
1164, 36;
1165, 40 42;
1166, 0;
1167, 42;
1168, 0;
name, breakwalkthisway_EH 32;
1169, 36 46;
1170, 0;
1171, 42;
1172, 0;
1173, 40 42;
1174, 0;
1175, 42;
1176, 36;
1177, 36 42;
1178, 0;
1179, 36 42;
1180, 0;
1181, 40 42;
1182, 0;
1183, 42;
1184, 0;
1185, 36 46;
1186, 0;
1187, 42;
1188, 0;
1189, 40 42;
1190, 0;
1191, 42;
1192, 36;
1193, 36 42;
1194, 0;
1195, 36 42;
1196, 0;
1197, 40 42;
1198, 0;
1199, 42;
1200, 0;
name, breakitsanewday_EH 32;
1201, 36 42;
1202, 0;
1203, 36 42;
1204, 0;
1205, 40 42;
1206, 0;
1207, 42;
1208, 0;
1209, 42;
1210, 0;
1211, 36 42;
1212, 36;
1213, 40 42;
1214, 0;
1215, 42;
1216, 36;
1217, 36 42;
1218, 0;
1219, 36 42;
1220, 0;
1221, 40 42;
1222, 0;
1223, 42;
1224, 0;
1225, 42;
1226, 0;
1227, 36 42;
1228, 36;
1229, 40 42;
1230, 0;
1231, 42;
1232, 36;
name, breakpapawastoo_EH 32;
1233, 36;
1234, 0;
1235, 0;
1236, 0;
1237, 40 42 39;
1238, 0;
1239, 0;
1240, 36;
1241, 36 42;
1242, 0;
1243, 36 42;
1244, 0;
1245, 40 42;
1246, 0;
1247, 42;
1248, 36 42;
1249, 36;
1250, 0;
1251, 0;
1252, 0;
1253, 40 42 39;
1254, 0;
1255, 0;
1256, 36;
1257, 36 42;
1258, 0;
1259, 36 42;
1260, 0;
1261, 40 42;
1262, 0;
1263, 42;
1264, 36 42;
name, breakthebigbeat_EH 32;
1265, 36;
1266, 0;
1267, 0;
1268, 36;
1269, 40 46;
1270, 0;
1271, 36;
1272, 0;
1273, 36;
1274, 0;
1275, 0;
1276, 0;
1277, 40 46;
1278, 0;
1279, 0;
1280, 0;
1281, 36;
1282, 0;
1283, 0;
1284, 36;
1285, 40 46;
1286, 0;
1287, 36;
1288, 0;
1289, 36;
1290, 0;
1291, 0;
1292, 0;
1293, 40 46;
1294, 0;
1295, 0;
1296, 0;
name, breakashleysroach_EH 32;
1297, 36 42 54;
1298, 54;
1299, 36 42 54;
1300, 54;
1301, 40 42 54;
1302, 54;
1303, 36 42 54;
1304, 54;
1305, 42 54;
1306, 36 54;
1307, 36 46 54;
1308, 54;
1309, 40 42 54;
1310, 54;
1311, 42 54;
1312, 54;
1313, 36 42 54;
1314, 54;
1315, 36 42 54;
1316, 54;
1317, 40 42 54;
1318, 54;
1319, 36 42 54;
1320, 54;
1321, 42 54;
1322, 36 54;
1323, 36 46 54;
1324, 54;
1325, 40 42 54;
1326, 54;
1327, 42 54;
1328, 0;
name, breaktakemetomardigras_EH 32;
1329, 36 42 67;
1330, 0;
1331, 42 67;
1332, 0;
1333, 40 42 68;
1334, 67;
1335, 42;
1336, 42 68;
1337, 0;
1338, 67;
1339, 36 42 68;
1340, 0;
1341, 40 42 67;
1342, 36 68;
1343, 42;
1344, 42 68;
1345, 36 42 67;
1346, 0;
1347, 67;
1348, 36;
1349, 40 42 68;
1350, 67;
1351, 42;
1352, 40 42 68;
1353, 42;
1354, 40 67;
1355, 36 42 68;
1356, 0;
1357, 40 42 67;
1358, 68;
1359, 46;
1360, 68;
name, breaksyntheticsubs_EH 32;
1361, 36 42;
1362, 0;
1363, 36 42;
1364, 0;
1365, 40 42;
1366, 0;
1367, 42;
1368, 36;
1369, 42;
1370, 36;
1371, 36 42;
1372, 36;
1373, 40 42;
1374, 0;
1375, 42;
1376, 36;
1377, 36 42;
1378, 0;
1379, 36 46;
1380, 0;
1381, 40 42;
1382, 0;
1383, 42;
1384, 36;
1385, 42;
1386, 36;
1387, 36 42;
1388, 36;
1389, 40 42;
1390, 0;
1391, 42;
1392, 36;
