name, foxtrot 32;
1, 36 69;
2, 0;
3, 0;
4, 0;
5, 38 42;
6, 0;
7, 0;
8, 0;
9, 36 69;
10, 0;
11, 0;
12, 0;
13, 38 42;
14, 0;
15, 0;
16, 0;
17, 36 69;
18, 0;
19, 0;
20, 0;
21, 38 42;
22, 0;
23, 0;
24, 0;
25, 36 69;
26, 0;
27, 0;
28, 0;
29, 38 42;
30, 0;
31, 0;
32, 0;
name, swing 32;
33, 36 42;
34, 0;
35, 0;
36, 0;
37, 69;
38, 0;
39, 0;
40, 69;
41, 36 42;
42, 0;
43, 0;
44, 0;
45, 69;
46, 0;
47, 0;
48, 69;
49, 36 42;
50, 0;
51, 0;
52, 0;
53, 69;
54, 0;
55, 0;
56, 69;
57, 36 42;
58, 0;
59, 0;
60, 0;
61, 69;
62, 0;
63, 0;
64, 69;
name, tango 32;
65, 36 38;
66, 0;
67, 0;
68, 0;
69, 36 38;
70, 0;
71, 0;
72, 0;
73, 36 38;
74, 0;
75, 0;
76, 0;
77, 36 38;
78, 0;
79, 38 42;
80, 0;
81, 36 38;
82, 0;
83, 0;
84, 0;
85, 36 38;
86, 0;
87, 0;
88, 0;
89, 36 38;
90, 0;
91, 0;
92, 0;
93, 36 38;
94, 0;
95, 38 42;
96, 0;
name, march 32;
97, 36 42;
98, 0;
99, 0;
100, 0;
101, 38;
102, 0;
103, 0;
104, 0;
105, 36 42;
106, 0;
107, 0;
108, 0;
109, 38;
110, 0;
111, 0;
112, 0;
113, 36 42;
114, 0;
115, 0;
116, 0;
117, 38;
118, 0;
119, 0;
120, 0;
121, 36 42;
122, 0;
123, 0;
124, 0;
125, 38;
126, 0;
127, 0;
128, 0;
name, rocknroll 32;
129, 36 42;
130, 0;
131, 42;
132, 0;
133, 38 42;
134, 0;
135, 36 38 42;
136, 0;
137, 36 42;
138, 0;
139, 42;
140, 0;
141, 38 42;
142, 0;
143, 42;
144, 0;
145, 36 42;
146, 0;
147, 42;
148, 0;
149, 38 42;
150, 0;
151, 36 38 42;
152, 0;
153, 36 42;
154, 0;
155, 42;
156, 0;
157, 38 42;
158, 0;
159, 42;
160, 0;
name, bossanova 32;
161, 36 69 37 42;
162, 0;
163, 42;
164, 0;
165, 42;
166, 0;
167, 36 69 37 42;
168, 0;
169, 36 42;
170, 0;
171, 42;
172, 0;
173, 69 37 42;
174, 0;
175, 42;
176, 0;
177, 36 42;
178, 0;
179, 42;
180, 0;
181, 69 37 42;
182, 0;
183, 36 42;
184, 0;
185, 36 42;
186, 0;
187, 69 37 42;
188, 0;
189, 42;
190, 0;
191, 42;
192, 0;
name, beguine 32;
193, 64 75 69;
194, 0;
195, 69 63 42;
196, 0;
197, 69;
198, 0;
199, 75 69 63;
200, 0;
201, 64 69;
202, 0;
203, 69 63;
204, 0;
205, 64 75 69;
206, 0;
207, 69 63;
208, 0;
209, 64 69 63;
210, 0;
211, 69 63 42;
212, 0;
213, 75 69;
214, 0;
215, 69 63;
216, 0;
217, 64 75 69;
218, 0;
219, 69 63;
220, 0;
221, 64 69;
222, 0;
223, 69 63;
224, 0;
name, mambo 32;
225, 69 37;
226, 0;
227, 69;
228, 0;
229, 69 37;
230, 0;
231, 69 63;
232, 0;
233, 69 63 37;
234, 0;
235, 69;
236, 0;
237, 64 69 37;
238, 0;
239, 64 69;
240, 0;
241, 69 37;
242, 0;
243, 69;
244, 0;
245, 69 37;
246, 0;
247, 69 63;
248, 0;
249, 69 63 37;
250, 0;
251, 69;
252, 0;
253, 64 69 37;
254, 0;
255, 64 69;
256, 0;
name, rhumba 32;
257, 36 75 69;
258, 0;
259, 36 69;
260, 69;
261, 69 63;
262, 0;
263, 36 75 69;
264, 0;
265, 36 69;
266, 0;
267, 69 63;
268, 0;
269, 64 75 69;
270, 0;
271, 64 69 63;
272, 0;
273, 36 69;
274, 0;
275, 36 69;
276, 69;
277, 36 75 69;
278, 0;
279, 36 69;
280, 0;
281, 36 75 69;
282, 0;
283, 69 63;
284, 0;
285, 64 69;
286, 0;
287, 64 69 63;
288, 0;
name, samba 32;
289, 69 63;
290, 0;
291, 69;
292, 0;
293, 69 63;
294, 0;
295, 69;
296, 0;
297, 64 69;
298, 0;
299, 69;
300, 0;
301, 69;
302, 0;
303, 69 63;
304, 0;
305, 69;
306, 0;
307, 69 63;
308, 0;
309, 69;
310, 0;
311, 69 63;
312, 0;
313, 64 69;
314, 0;
315, 69;
316, 0;
317, 69;
318, 0;
319, 69;
320, 0;
name, habanera 32;
321, 36 38;
322, 0;
323, 0;
324, 0;
325, 0;
326, 0;
327, 38;
328, 0;
329, 36 38;
330, 0;
331, 0;
332, 0;
333, 38;
334, 0;
335, 0;
336, 0;
337, 36 38;
338, 0;
339, 0;
340, 0;
341, 0;
342, 0;
343, 38;
344, 0;
345, 36 38;
346, 0;
347, 0;
348, 0;
349, 38;
350, 0;
351, 0;
352, 0;
name, waltz 24;
353, 36 42;
354, 0;
355, 38;
356, 0;
357, 38;
358, 0;
359, 36 42;
360, 0;
361, 38;
362, 0;
363, 38;
364, 0;
365, 36 42;
366, 0;
367, 38;
368, 0;
369, 38;
370, 0;
371, 36 42;
372, 0;
373, 38;
374, 0;
375, 38;
376, 0;
